,basename,iou_score,dice_score
0,35485434,0.23972618579864502,0.3867405652999878
1,WAT_DTIF_0008,0.3936428427696228,0.5649121105670929
2,170109,0.24235117435455322,0.39014923572540283
3,1180608049,0.20362502336502075,0.33835291862487793
4,3597727100,0.11683332920074463,0.20922249555587769
5,16093301,0.16542857885360718,0.2838931083679199
6,2250960458,0.1154106855392456,0.2069385051727295
7,16093201,0.3273392915725708,0.49322623014450073
8,4243043869,0.2781190276145935,0.4352005124092102
9,IBM_52,0.29856544733047485,0.4598389267921448
10,12192023_193441,0.05864286422729492,0.11078876256942749
11,225602854,0.37735116481781006,0.5479375123977661
12,1628446929,0.2455475926399231,0.3942805528640747
13,2443311490,0.1455654501914978,0.2541373372077942
14,16092201,0.3260595202445984,0.4917720556259155
15,3521412980,0.13148212432861328,0.23240691423416138
16,1783345236,0.38059526681900024,0.5513494908809662
17,2441596969,0.2415178418159485,0.3890686631202698
18,405183445,0.3432738184928894,0.5111002922058105
19,IBM_50,0.5056785643100739,0.6716952621936798
20,3089001819,0.2134702205657959,0.3518342971801758
21,2189953076,0.583297610282898,0.7368136048316956
22,16093001,0.5667916536331177,0.7235060930252075
23,16062023_1,0.32789283990859985,0.4938544034957886
24,01,0.2086309790611267,0.3452351689338684
25,2624989663,0.3662857413291931,0.5361773371696472
26,4223363606,0.3132857084274292,0.4771021604537964
27,3479712599-ass2,0.20932143926620483,0.3461799621582031
28,1508973689,0.2548035979270935,0.406125009059906
29,16090901,0.4561547636985779,0.6265196204185486
30,806365608,0.11922621726989746,0.21305108070373535
31,AMST_0019,0.1454702615737915,0.2539921998977661
32,920985152,0.23434525728225708,0.3797077536582947
33,3430084361,0.33385711908340454,0.5005890429019928
34,2529883711,0.2127976417541504,0.35092025995254517
35,2136784449,0.2610357403755188,0.41400212049484253
36,531885378,0.16622024774551392,0.28505808115005493
37,16091402,0.08617860078811646,0.15868216753005981
38,16092601,0.030601203441619873,0.05938512086868286
39,2275449896,0.7888214290142059,0.8819454163312912
40,IBM_4,0.10038095712661743,0.182447612285614
41,1399586236,0.4901547431945801,0.6578575372695923
42,16091901,0.28701192140579224,0.44601279497146606
43,WAT_DTIF_0007,0.15385717153549194,0.2666831612586975
44,107949968,0.3720238208770752,0.54229936003685
45,MMUH_DTIF_0095,0.4684821367263794,0.6380494832992554
46,432381542,0.29344046115875244,0.4537363648414612
47,02,0.47466665506362915,0.6437613070011139
48,2742950888,0.19504165649414062,0.3264181613922119
49,1120606001,0.06697618961334229,0.12554395198822021
50,05182023_171203,0.22965478897094727,0.3735272288322449
51,IBM_45,0.06614285707473755,0.12407881021499634
52,4006888708,0.3550357222557068,0.5240241289138794
53,16091601,0.6191428601741791,0.7647785395383835
54,2364792262,0.3721904754638672,0.5424764156341553
55,596694107,0.39861905574798584,0.5700180530548096
56,IBM_42,0.09119045734405518,0.16713941097259521
57,MMUH_DTIF_0094,0.3170773983001709,0.48148632049560547
58,1810823168,0.17163097858428955,0.29297780990600586
59,16092102,0.20011311769485474,0.33349037170410156
60,3085924945,0.2632262110710144,0.41675227880477905
61,IBM_35,0.3814404606819153,0.5522358417510986
62,4252141892,0.035761892795562744,0.06905430555343628
63,252971098,0.1292262077331543,0.22887563705444336
64,16090401,0.41122621297836304,0.582792729139328
65,IBM_47,0.1002083420753479,0.18216246366500854
66,16090601,0.4256071448326111,0.5970889627933502
67,3744440603,0.15353572368621826,0.2662001848220825
68,1567384095,0.520505964756012,0.6846483647823334
69,3605407893,0.20935118198394775,0.3462206721305847
70,1013468013,0.7082440555095673,0.829207107424736
71,16090101,0.2328035831451416,0.37768155336380005
72,3317328509,0.2089405059814453,0.3456588387489319
73,895818311,0.34096425771713257,0.5085359811782837
74,3323937101,0.31024402379989624,0.47356683015823364
75,MMUH_DTIF_0096,0.1786845326423645,0.3031931519508362
76,16092501,0.40809524059295654,0.5796415209770203
77,Copy of Video One,0.4058392643928528,0.5773622691631317
78,1014670912-ass2,0.090029776096344,0.16518771648406982
79,4055844607,0.25385117530822754,0.40491437911987305
80,IBM_38,0.21919643878936768,0.3595752716064453
81,WAT_DTIF_0005,0.5182142853736877,0.6826629042625427
82,170108,0.22191071510314941,0.3632192015647888
83,MMUH_DTIF_0100,0.3559761643409729,0.5250478386878967
84,3014914240,0.8152142912149429,0.8982017114758492
85,16093501,0.1774643063545227,0.3014346957206726
86,3299431987,0.2089642882347107,0.34569138288497925
87,16091201,0.12064284086227417,0.21531009674072266
88,3272896089,0.44285714626312256,0.6138613820075989
89,3630237943,0.06967264413833618,0.13026905059814453
90,IBM_36,0.36298811435699463,0.5326357483863831
91,1014670912,0.1312618851661682,0.23206281661987305
92,WAT_DTIF_0010,0.16301190853118896,0.2803271412849426
93,170101,0.19232141971588135,0.32259994745254517
94,2394014758,0.10328572988510132,0.18723291158676147
95,1084008061,0.14277976751327515,0.24988150596618652
96,1249860204,0.47538095712661743,0.6444179117679596
97,16093701,0.277363121509552,0.43427449464797974
98,3861726478,0.04786902666091919,0.09136456251144409
99,170103,0.12869644165039062,0.22804439067840576
100,566507557,0.3776249885559082,0.5482261180877686
101,2986309540,0.031708359718322754,0.061467647552490234
102,1902791310,0.2810238003730774,0.4387487769126892
103,3267962182,0.17333930730819702,0.2954632043838501
104,1387851265,0.3348512053489685,0.5017056465148926
105,1399586236-ass2,0.52054762840271,0.6846843957901001
106,16093401,0.5656309425830841,0.7225597500801086
107,3360888566,0.20426785945892334,0.3392398953437805
108,672718769,0.5387440621852875,0.7002386748790741
109,1251528661,0.2848273515701294,0.44337064027786255
110,16090301,0.30409520864486694,0.4663696885108948
111,3431381547,0.41427379846572876,0.5858466923236847
112,3997056794,0.16260117292404175,0.27971965074539185
113,IBM_32,0.2086964249610901,0.3453248143196106
114,16091801,0.3753274083137512,0.5458007752895355
115,3748519529,0.5315059423446655,0.6940958499908447
116,3788048503,0.44099998474121094,0.6120749413967133
117,1065516909,0.28619641065597534,0.44502753019332886
118,16091301,0.17236310243606567,0.2940438985824585
119,410309938,0.3721368908882141,0.5424194931983948
120,3801559388,0.5469523668289185,0.7071353793144226
121,2486397623,0.14294642210006714,0.25013673305511475
122,1900025002,0.5900654792785645,0.7421901524066925
123,2738202439,0.23975002765655518,0.3867715001106262
124,3842700551,0.3037083148956299,0.4659145474433899
125,2317004287,0.23254168033599854,0.3773368000984192
126,16092001,0.43176788091659546,0.6031255125999451
127,16090102,0.11005359888076782,0.19828516244888306
128,170104,0.5761309564113617,0.7310698926448822
129,3727603818,0.5582559406757355,0.7165138125419617
130,16093801,0.1510297656059265,0.2624254822731018
131,18078369,0.27823811769485474,0.43534624576568604
132,2495375922,0.2972559332847595,0.4582841992378235
133,10302023_120901,0.39739882946014404,0.5687693655490875
134,REINERO__01092024_173849,0.13013094663619995,0.23029357194900513
135,3734795729,0.11688095331192017,0.20929884910583496
136,1321881235,0.09564882516860962,0.17459756135940552
137,307631163,0.3906428813934326,0.5618162155151367
138,2567912066,0.40625596046447754,0.5777837932109833
139,16090403,0.20044046640396118,0.3339448571205139
140,13845452,0.20445239543914795,0.33949434757232666
141,16092801,0.2509523630142212,0.40121811628341675
142,1792998993,0.31190478801727295,0.47549909353256226
143,AMST_0001,0.2234523892402649,0.36528170108795166
144,2613069662,0.2697678804397583,0.42490893602371216
145,MMUH_DTIF_0058,0.3250952363014221,0.4906744956970215
146,ch1_video_01,0.5024881064891815,0.6688746511936188
147,3366591515,0.6543571352958679,0.7910711914300919
148,AMST_0002,0.1872321367263794,0.31540948152542114
149,16091401,0.6252440512180328,0.7694155871868134
150,3639539128,0.07904165983200073,0.14650344848632812
151,452919406,0.3937797546386719,0.5650530755519867
152,1105807382,0.35295236110687256,0.5217513740062714
153,4209107693,0.2706071138381958,0.4259493350982666
154,1040434567,0.4130892753601074,0.5846612751483917
155,2901309315,0.2656487822532654,0.419782817363739
156,4038565078,0.3576011657714844,0.5268132984638214
157,1370388080,0.3044404983520508,0.4667755961418152
158,1474607936,0.18231546878814697,0.3084040880203247
159,171245830,0.25635117292404175,0.40808844566345215
160,2535259739,0.08660119771957397,0.15939831733703613
161,3479712599,0.13864284753799438,0.2435230016708374
162,3704101606,0.25977975130081177,0.41242092847824097
163,3755357963,0.28295236825942993,0.4410957098007202
164,IBM_8,0.2697262167930603,0.4248572587966919
165,IBM_48,0.5286488234996796,0.6916550099849701
166,2472636703,0.6364761888980865,0.7778618335723877
167,16093101,0.534970223903656,0.6970431506633759
168,Video TEM 22.4,0.19179165363311768,0.3218543529510498
169,328309737,0.16289883852005005,0.2801598906517029
170,280111445,0.18805354833602905,0.31657421588897705
171,16090201,0.03850001096725464,0.0741453766822815
172,3372990809,0.28243452310562134,0.44046616554260254
173,05,0.5318630933761597,0.6944003105163574
174,3367664281,0.5881071388721466,0.7406391203403473
175,4083104944,0.14384526014328003,0.25151169300079346
176,16090501,0.2142559289932251,0.35290080308914185
177,16092301,0.35181546211242676,0.5205081403255463
178,IBM_54,0.34534525871276855,0.5133927464485168
179,2872439574,0.12009525299072266,0.2144375443458557
180,MMUH_DTIF_0101,0.18388092517852783,0.31064093112945557
181,16090602,0.14029169082641602,0.2460627555847168
182,16091001,0.3455356955528259,0.5136031806468964
183,MMUH_DTIF_0103,0.315886914730072,0.48011255264282227
184,170110,0.08426785469055176,0.15543735027313232
185,16092701,0.41361308097839355,0.585185706615448
186,10262023_142726,0.20268452167510986,0.3370535373687744
187,1061442455,0.23060119152069092,0.3747780919075012
188,IBM_53,0.4203333258628845,0.5918798446655273
189,16091802,0.5389404892921448,0.7004045844078064
190,448602072,0.40224403142929077,0.5737147629261017
191,2819213769,0.013089299201965332,0.025840342044830322
192,10302023_120402,0.30932140350341797,0.47249120473861694
193,170102,0.20170831680297852,0.33570265769958496
194,16092401,0.42382144927978516,0.5953294634819031
195,228865380,0.2640416622161865,0.41777366399765015
196,16091101,0.13138097524642944,0.23224884271621704
197,1521359056,0.17823809385299683,0.30255019664764404
198,Copy of Video Three,0.6177976131439209,0.763751432299614
199,16093601,0.1568690538406372,0.2711958885192871
200,1028851774,0.18148213624954224,0.3072109818458557
201,641224979,0.3367024064064026,0.5037806332111359
202,16090701,0.32570236921310425,0.49136579036712646
203,921260366,0.4652143120765686,0.6350119411945343
204,44789482,0.37412500381469727,0.5445283353328705
205,2421910406,0.12660712003707886,0.22475826740264893
206,2473690117,0.14016073942184448,0.24586135149002075
207,2857256799,0.25494641065597534,0.4063064455986023
208,2395724121,0.05593454837799072,0.10594314336776733
209,16092101,0.3223273754119873,0.48751527070999146
